PARAmeter 
dc = 1.000000e-01 
fc = 1.135000e+01 
ft = 6.310000e+00 
it = 1.000000e-02 
f2 = 5.041000e+01 

