PARAmeter 
Th = 5.000000e+01 
a0 = 1.988000e-04 
a1 = 3.530000e-07 
a2 = 7.521000e-10 
r0 = 9.040400e-06 
r1 = 4.326610e-08 
r2 = 2.557460e-11 
k0 = 1.663000e+00 
k1 = -3.580000e-03 
k2 = 3.195000e-05 
jz = 1.243373e+00 
L1 = 3.896336e-04 
L2 = 7.499149e-04 
L3 = 7.392221e-04 
L4 = 4.379294e-04 
L5 = 6.980056e-04 
L6 = 6.449256e-04 
L7 = 6.216485e-04 
L8 = 6.208434e-04 
L9 = 7.213335e-04 
nT = 32 

