PARAmeter 
dc = 1.000000e-01 
fc = 1.495000e+01 
ft = 8.310000e+00 
it = 1.000000e-02 
f2 = 6.641000e+01 

