PARAmeter 
dc = 1.000000e-01 
fc = 5.050000e+00 
ft = 2.810000e+00 
it = 1.000000e-02 
f2 = 2.801000e+01 

