PARAmeter 
Th = 5.000000e+01 
a0 = 1.988000e-04 
a1 = 3.530000e-07 
a2 = 7.521000e-10 
r0 = 9.040400e-06 
r1 = 4.326610e-08 
r2 = 2.557460e-11 
k0 = 1.663000e+00 
k1 = -3.580000e-03 
k2 = 3.195000e-05 
jz = 9.035702e-01 
L1 = 3.753748e-04 
L2 = 7.411254e-04 
L3 = 7.444674e-04 
L4 = 7.423715e-04 
L5 = 7.464417e-04 
L6 = 7.490820e-04 
L7 = 5.142670e-04 
L8 = 3.892506e-04 
L9 = 3.829648e-04 
nT = 32 

