PARAmeter 
dc = 1.000000e-01 
fc = 1.441000e+01 
ft = 8.010000e+00 
it = 1.000000e-02 
f2 = 6.401000e+01 

