PARAmeter 
dc = 1.000000e-01 
fc = 3.790000e+00 
ft = 2.110000e+00 
it = 1.000000e-02 
f2 = 1.681000e+01 

