PARAmeter 
dc = 1.000000e-01 
fc = 1.513000e+01 
ft = 8.410000e+00 
it = 1.000000e-02 
f2 = 6.721000e+01 

