PARAmeter 
dc = 1.000000e-01 
fc = 2.017000e+01 
ft = 1.121000e+01 
it = 1.000000e-02 
f2 = 8.961000e+01 

