PARAmeter 
dc = 1.000000e-01 
fc = 1.225000e+01 
ft = 6.810000e+00 
it = 1.000000e-02 
f2 = 5.441000e+01 

