PARAmeter 
dc = 1.000000e-01 
fc = 1.801000e+01 
ft = 1.001000e+01 
it = 1.000000e-02 
f2 = 8.001000e+01 

